0.5004196231021592
0.5000991836423285
0.0
0.0
0.5001144426642252
0.5002365148393988
0.0
0.0
0.500175478751812
0.5004806591897459
0.0
0.0
0.5001144426642252
0.5002517738612955
0.0
0.0
0.5004959182116426
0.5001602197299153
0.0
0.0
0.5006179903868162
0.5002517738612955
0.0
0.0
0.5001297016861219
0.5000686655985351
0.0
0.0
0.5000991836423285
0.5000076295109483
0.0
0.0
0.5004806591897459
0.49994659342336156
0.0
0.0
0.5003585870145724
0.5001297016861219
0.0
0.0
0.5004196231021592
0.4998702983138781
0.0
0.0
0.5001144426642252
0.5004348821240558
0.0
0.0
0.5004654001678492
0.5003128099488823
0.0
0.0
0.5003891050583658
0.49997711146715496
0.0
0.0
0.5003891050583658
0.4998855573357748
0.0
0.0
0.5003738460364691
0.5001907377737087
0.0
0.0
0.5002365148393988
0.5002212558175021
0.0
0.0
0.5004806591897459
0.5002212558175021
0.0
0.0
0.5002365148393988
0.49999237048905165
0.0
0.0
0.5003585870145724
0.5000686655985351
0.0
0.0
0.5004196231021592
0.5000991836423285
0.0
0.0
0.5004654001678492
0.49993133440146487
0.0
0.0
0.5004806591897459
0.5000076295109483
0.0
0.0
0.5004196231021592
0.5000686655985351
0.0
0.0
0.5002365148393988
0.5001602197299153
0.0
0.0
0.5004654001678492
0.5000686655985351
0.0
0.0
0.49997711146715496
0.500328068970779
0.0
0.0
0.5002365148393988
0.4998855573357748
0.0
0.0
0.5004959182116426
0.5001297016861219
0.0
0.0
0.5003128099488823
0.5001907377737087
0.0
0.0
0.5001449607080186
0.5002212558175021
0.0
0.0
0.5004806591897459
0.500022888532845
0.0
0.0
0.5001144426642252
0.5002365148393988
0.0
0.0
0.5002212558175021
0.5003433279926757
0.0
0.0
0.5006637674525063
0.5002517738612955
0.0
0.0
0.5004196231021592
0.5000534065766384
0.0
0.0
0.5002212558175021
0.5003128099488823
0.0
0.0
0.5001907377737087
0.5003433279926757
0.0
0.0
0.5000991836423285
0.49997711146715496
0.0
0.0
0.5003738460364691
0.5002365148393988
0.0
0.0
0.5004654001678492
0.5004806591897459
0.0
0.0
0.5003585870145724
0.5003128099488823
0.0
0.0
0.5004654001678492
0.5002517738612955
0.0
0.0
0.5005874723430228
0.5002822919050889
0.0
0.0
0.5002212558175021
0.5002517738612955
0.0
0.0
0.5000076295109483
0.5000534065766384
0.0
0.0
0.5002975509269856
0.5003585870145724
0.0
0.0
0.5000534065766384
0.49993133440146487
0.0
0.0
0.5003433279926757
0.49996185244525826
0.0
0.0
0.5004654001678492
0.49997711146715496
0.0
0.0
